Pipette_1
20:0.0394385,0.026532,0.041543,0.0245935,0.039826,0.0239845,0.0396055,0.0253685,0.0419305,0.023818,0.0431495,0.024815,0.0429285,0.0278065,0.0431495,0.023818,0.0413215,0.0237075,0.0425955,0.0237075,0.040546,0.0236525,0.043482,0.0253695,
40:0.000332499999999999,0.000387999999999999,0.000111,0,-5.55E-05,0.000222,0.000221499999999999,0.000276999999999999,0.000331999999999999,0.000332499999999999,5.55E-05,-0.000220999999999999,0,0,-0.000110499999999999,0.0001665,0.0001665,0.0002775,5.49999999999995E-05,-5.60000000000005E-05,0.000109999999999999,0.000165499999999999,0.000109999999999999,0.000220999999999999,0.000442999999999999,0.000387499999999999,0,-0.000109999999999999,-0.000110499999999999,0.000111,5.000000000005E-07,0.000111,5.55E-05,0.0001665,-0.000331999999999999,-0.000276499999999999,-0.000109999999999999,-0.000165499999999999,0,5.000000000005E-07,0.0001665,0.000111,0.0201065,0.0161195,0.015399,0.018224,0.02044,0.022212,0.020605,0.02343,
80:-0.011244,-0.026809,-0.011078,-0.0278615,-0.011909,-0.0291905,-0.0111885,-0.0270865,-0.01202,-0.0285265,-0.012352,-0.029523,-0.011854,-0.0276395,-0.0121865,-0.028914,-0.0120755,-0.0276955,-0.012241,-0.028637,-0.0130725,-0.0301875,-0.013017,-0.029578,
120:-0.0173375,-0.0289695,-0.0166175,-0.028969,-0.018057,-0.030243,-0.0169495,-0.028748,-0.018556,-0.030243,-0.0192205,-0.0304645,-0.017614,-0.0286925,-0.017116,-0.029689,-0.017559,-0.0288035,-0.018168,-0.030132,-0.020051,-0.031351,-0.0197195,-0.0310735,
160:-0.023763,-0.029247,-0.023486,-0.0285265,-0.024261,-0.0298545,-0.024871,-0.029025,-0.0247045,-0.030299,-0.024926,-0.0303535,-0.02404,-0.0290245,-0.023763,-0.029357,-0.023708,-0.030354,-0.0242055,-0.030243,-0.025591,-0.0312955,-0.0259225,-0.0316835,
200:-0.024151,-0.0249815,-0.021326,-0.022489,-0.022489,-0.022821,-0.023597,-0.0243165,-0.0245375,-0.025369,-0.020162,-0.020772,-0.0214365,-0.0217695,-0.0224335,-0.02271,-0.0233195,-0.0235405,-0.0213255,-0.02199,-0.02271,-0.0233195,-0.023541,-0.023596,-0.0242615,-0.0249815,-0.0212705,-0.022212,-0.0229875,-0.023264,-0.0235415,-0.024317,-0.024483,-0.025037,-0.0213255,-0.0216585,-0.0225445,-0.0226,-0.02332,-0.0237625,-0.024261,-0.024593,-0.020605,-0.0216575,-0.022046,-0.0228205,-0.023375,-0.0238735,-0.0246485,-0.0252025,
250:-0.021934,-0.04686,-0.022378,-0.0595445,-0.023043,-0.0382745,-0.0232645,-0.0528985,-0.0238175,-0.037665,-0.0180025,-0.0401585,-0.0208265,-0.049408,-0.0211035,-0.06104,-0.0215465,-0.051845,-0.0224885,-0.0532855,-0.0229875,-0.044202,-0.0230975,-0.048466,-0.0241505,-0.0530085,-0.029024,-0.030797,-0.0331235,-0.0341205,-0.034785,-0.035561,-0.0365025,-0.0371115,-0.016395,-0.044977,-0.022489,-0.055723,-0.0232645,-0.064863,-0.0232645,-0.05384,-0.0235965,-0.0391615,-0.024261,-0.0449215,-0.024483,-0.041432,-0.0257015,-0.0439805,
220:0.000222,0.000333,5.55E-05,5.55E-05,0.000111,0.0001665,0.000111,0.000387999999999999,0.000332499999999999,0.000442999999999999,0.000111,0,0,0.000111,0.000222,0.0001665,0.000276999999999999,0.000222,-0.000109999999999999,-0.000165499999999999,-5.49999999999995E-05,0,-0.000110499999999999,5.000000000005E-07,0.000222,0.000222,-5.60000000000005E-05,0.000109999999999999,-5.000000000005E-07,0,0.000220999999999999,0.000165499999999999,0.000165499999999999,0.000276499999999999,-0.011521,5.55E-05,-0.000109999999999999,5.000000000005E-07,0,5.55E-05,0.000111,0.0001665,-5.49999999999995E-05,-0.000165499999999999,-0.000165499999999999,-0.000331999999999999,-0.000165499999999999,5.60000000000005E-05,5.55E-05,-5.49999999999995E-05,
210:0.000553999999999999,0.000442999999999999,0.000498499999999999,0.000387999999999999,0.000442999999999999,0.000442999999999999,0.000442999999999999,0.000276999999999999,0.000387499999999999,0.000498499999999999,0.000222,0.000222,0.0003885,0.000111,0.000387999999999999,0.0002775,0.0002775,0.0001665,0.000276499999999999,0.000331999999999999,0.000331999999999999,0.000442999999999999,0.000498499999999999,0.000276499999999999,0.000387499999999999,0.000387499999999999,0.0002775,0.000333,0.000222,0.000222,0.0002775,0.000222,0.0001115,0.0003885,0.0001665,0.0001665,0.000111,0.000222,0.000111,0.0002775,0.0002775,0.0003885,-0.0266435,-0.0288585,-0.030963,-0.0324035,-0.033843,-0.0350615,-0.037333,-0.041432,
230:0.0002775,0.000222,0,-0.000111,5.55E-05,0,5.55E-05,0.000276999999999999,0.0001665,0.000332499999999999,0.000276999999999999,0.000221499999999999,0.0001665,0.0001665,0.0001665,0.000387499999999999,0.000276999999999999,0.000498499999999999,0.000111,0.000221499999999999,0.0001665,0.0001665,0.000111,0.000222,0.000443499999999999,0.000387999999999999,0.000276999999999999,0.000498499999999999,0.000553999999999999,0.000387999999999999,0.000387999999999999,0.000664999999999999,0.000387999999999999,0.000387999999999999,5.55E-05,0.0001665,-0.000111,0,0.0001665,5.000000000005E-07,0.000332499999999999,0.000222,0.000332499999999999,0.000387999999999999,0.000498499999999999,0.000387999999999999,0.000442999999999999,0.000498499999999999,0.000443499999999999,0.000443499999999999,
30:0.000497999999999998,0.000608999999999998,-5.55E-05,0,0,-0.000111,-5.55E-05,0.000111,0.000111,0.000221499999999999,0.0001665,0.000111,0.000111,0.0002775,0.000332499999999999,0.000333,0.000333,0.000442999999999999,0,5.55E-05,5.55E-05,0,0.000165999999999999,5.55E-05,0.000111,0.000331999999999999,0.000111,0.0001665,5.55E-05,0.000276999999999999,0.000111,0.0002775,0.0002775,0.000498499999999999,0.0001665,0.0001665,-5.55E-05,0.000111,0.000222,0.0001665,0.000332499999999999,0.000222,-0.002935,-0.00216,-0.002105,-0.0010525,-0.0017725,-0.000165999999999999,-0.000775499999999998,-0.000775500000000002,
260:-5.55E-05,0,-0.000221499999999999,-0.0001665,-0.000222,-0.000332499999999999,-0.000387499999999999,-0.000222,-0.000276999999999999,-0.000276999999999999,-0.000220999999999999,-0.000221499999999999,-5.55E-05,-0.000165999999999999,0,-5.55E-05,-0.000111,-0.000110499999999999,-5.49999999999995E-05,0,-0.000221499999999999,-0.000276499999999999,-5.55E-05,-0.000221499999999999,-5.55E-05,-0.000165999999999999,-0.0194425,-0.038552,-0.0203285,-0.038773,-0.020606,-0.0392165,-0.021159,-0.038773,-0.02199,-0.0393825,-0.0221565,-0.038995,-0.022932,-0.038552,-0.023652,-0.039438,-0.0258125,-0.025702,-0.026034,-0.026588,-0.0269205,-0.027696,-0.0286365,-0.030465,
1600:-0.000165999999999999,-0.000387499999999999,-0.000165999999999999,-0.000165999999999999,-0.000220999999999999,-0.000165999999999999,-0.000111,-0.000165999999999999,
400:-0.081757,-0.0756085,-0.0810925,-0.077879,-0.080261,-0.07666,-0.081424,-0.081147,-0.079984,-0.0725615,
300:-0.032847,-0.036336,-0.0377765,-0.0383855,-0.0392725,-0.039826,-0.0407125,-0.0424845,
50:0.0040995,0.0038225,0.001329,0.000775000000000003,0.002548,0.003378,-0.004431,-0.002603,-0.0019385,-0.002548,0.002991,0.023209,0.0071455,0.023763,0.005484,0.027474,0.007422,0.004542,0.00144,0.000443000000000004,0.001495,0.0017165,-0.003656,-0.000720499999999999,0.0013845,-0.0011075,0.0167835,-0.0016065,0.0220455,0.023707,0.028415,-0.003379,0.00382150000000001,0.0225995,-0.003323,-0.000443000000000002,-0.000608499999999998,0.0021605,-0.0019935,-0.0018275,-0.002714,-0.0023265,0.0108015,0.0147335,0.0104685,0.003766,0.003545,0.003545,0.0058715,0.011023,
270:-0.017615,-0.0184455,-0.0167835,-0.017726,-0.0171715,-0.017504,-0.0184455,-0.0182785,-0.018667,-0.0198855,-0.017947,-0.0197195,-0.031573,-0.032293,-0.0321825,-0.031573,-0.028914,-0.0293015,-0.0289695,-0.02969,
290:-0.0414325,-0.034121,-0.0865205,-0.045365,-0.034896,-0.0279725,-0.08076,-0.0411545,-0.022045,-0.0237625,-0.0222115,-0.02415,
140:-0.019387,-0.021547,-0.010967,-0.012352,-0.0141245,-0.0148445,-0.015786,-0.016894,-0.0180575,-0.020993,-0.013626,-0.0150105,-0.017282,-0.0202175,-0.02055,-0.0213805,-0.0227655,-0.0239845,-0.012629,-0.0155095,-0.016506,-0.017116,-0.017504,-0.018722,-0.020606,-0.0226,-0.014734,-0.016174,-0.0177805,-0.0158415,-0.016451,-0.017171,-0.018667,-0.021104,-0.0125735,-0.014457,-0.015952,-0.015288,-0.016174,-0.0170055,-0.0188885,-0.0209935,-0.0099155,-0.010691,-0.0134045,-0.016174,-0.017393,-0.0184445,-0.017946,-0.0218785,
500:-0.045365,-0.0452545,-0.040989,-0.043038,-0.043205,-0.044202,-0.0450325,-0.0455865,-0.0460295,-0.046417,-0.042207,-0.042651,-0.043537,-0.0447005,-0.0452545,-0.045864,-0.046307,-0.0465285,-0.04121,-0.0425955,-0.043426,-0.0445895,-0.0453655,-0.0461395,-0.046417,-0.047414,-0.0409335,-0.043093,-0.042651,-0.043648,-0.044534,-0.045088,-0.045531,-0.0461405,-0.0401025,-0.0408225,-0.041764,-0.0428165,-0.0439245,-0.0443675,-0.045088,-0.045864,-0.040712,-0.0423735,-0.042983,-0.044257,-0.045088,-0.0461405,-0.0470265,-0.0481345,
450:-0.0572735,-0.059046,-0.059157,-0.053618,-0.051402,-0.0599325,-0.0587695,-0.0586035,-0.054172,-0.0596555,-0.0571625,-0.0483555,-0.047414,-0.0577165,-0.0506265,-0.052842,-0.050017,-0.0493525,-0.0572185,-0.0574955,-0.0571075,-0.0570525,-0.057163,-0.0569965,-0.0571075,-0.0576615,-0.057384,-0.058104,-0.0525655,-0.0574395,-0.050294,-0.054947,-0.050516,-0.056498,-0.0518455,-0.0509595,-0.053009,-0.05949,-0.0520665,-0.050018,-0.0522335,-0.051292,-0.054283,-0.0562215,-0.0526215,-0.0559445,-0.0522335,-0.0542825,-0.053895,-0.056886,
100:-0.00781,-0.008862,-0.009195,-0.009749,-0.009361,-0.009804,-0.009804,-0.00997,
70:-0.0245935,-0.025258,-0.023929,-0.024649,-0.024151,-0.024372,-0.02404,-0.024372,-0.0246485,-0.023485,-0.023929,-0.0232635,-0.0239835,-0.0191095,-0.037001,-0.0371115,
240:-0.0254245,-0.032016,-0.031407,-0.0392165,-0.030465,-0.031739,-0.034453,-0.037721,
Pipette_2
20:0.039992,0.0265325,0.041322,0.024261,0.0427615,0.026366,0.040214,0.0245935,0.0421525,0.0257015,0.044978,0.025978,0.044534,0.0270305,0.043205,0.0259785,0.0431495,0.024871,0.0441465,0.024594,0.0412665,0.0245935,0.045919,0.0270305,
40:0,0.0001665,-5.55E-05,-0.000111,0.000110499999999999,0.000110499999999999,0.000276499999999999,0.000220999999999999,0.000276499999999999,0.000111,5.49999999999995E-05,0.000109999999999999,-0.0001115,0.000165499999999999,-0.000111,5.49999999999995E-05,0.000442999999999999,0.000331999999999999,-0.0001665,-5.55E-05,-0.000111,-5.000000000005E-07,0.000110499999999999,-5.000000000005E-07,5.49999999999995E-05,0.000276499999999999,-0.000111,5.55E-05,-5.55E-05,-0.000111,0.000111,0.000221499999999999,0,0.000221499999999999,-0.0001665,-0.000222,-0.000111,-5.55E-05,5.55E-05,5.49999999999995E-05,5.55E-05,0.000111,0.0182795,0.0172265,0.014014,0.020273,0.022766,0.022711,0.022821,0.023264,
80:-0.0118535,-0.0269745,-0.0122965,-0.0289685,-0.0116325,-0.027805,-0.0122415,-0.0289135,-0.0119645,-0.0275835,-0.0118535,-0.028194,-0.011411,-0.028138,-0.012352,-0.0281375,-0.011078,-0.0281935,-0.012408,-0.0283595,-0.012795,-0.02908,-0.01285,-0.029136,
120:-0.018113,-0.029246,-0.0180575,-0.0301875,-0.017448,-0.0293565,-0.018833,-0.030022,-0.018888,-0.0296335,-0.0185555,-0.029634,-0.016451,-0.0290245,-0.0175035,-0.0293565,-0.016784,-0.028471,-0.0183345,-0.029966,-0.019331,-0.0300765,-0.019331,-0.031184,
160:-0.024593,-0.0300765,-0.024316,-0.030409,-0.023984,-0.0294115,-0.0250365,-0.0306305,-0.0252575,-0.0301875,-0.0254235,-0.0303535,-0.0234305,-0.0293015,-0.0245375,-0.029689,-0.0226,-0.028803,-0.023375,-0.0294675,-0.024925,-0.030409,-0.025202,-0.030796,
200:-0.024594,-0.025147,-0.021824,-0.02271,-0.023707,-0.0235415,-0.0240395,-0.024372,-0.0253135,-0.025812,-0.019941,-0.0215475,-0.022046,-0.022489,-0.0229875,-0.023486,-0.0237635,-0.024261,-0.0223775,-0.022821,-0.023541,-0.0239285,-0.024316,-0.0247035,-0.0253685,-0.026255,-0.022046,-0.022766,-0.023375,-0.0236525,-0.0240955,-0.0245385,-0.0250915,-0.0256455,-0.0220455,-0.022489,-0.0233195,-0.0234855,-0.024039,-0.0245385,-0.0249815,-0.025369,-0.0208825,-0.022322,-0.022711,-0.02332,-0.023597,-0.024262,-0.024926,-0.0256465,
250:-0.021768,-0.0534515,-0.0229865,-0.0564425,-0.0235405,-0.050738,-0.024039,-0.05528,-0.024759,-0.044035,-0.0206605,-0.0463615,-0.0218795,-0.0485775,-0.021824,-0.034286,-0.0227655,-0.047747,-0.023375,-0.049796,-0.0240395,-0.048356,-0.024205,-0.047691,-0.0248695,-0.051402,-0.029855,-0.0313505,-0.033455,-0.0346185,-0.035394,-0.0357265,-0.036336,-0.037222,-0.01767,-0.0553355,-0.020827,-0.040989,-0.0229875,-0.048301,-0.023431,-0.0557235,-0.0245385,-0.056499,-0.024816,-0.050904,-0.0254795,-0.064585,-0.025923,-0.0407115,
220:0.000111,5.55E-05,-5.55E-05,-0.000110500000000001,-0.000221000000000002,0,5.55E-05,0.000111,0.000111,0.000111,0,0,5.55E-05,-5.55E-05,-5.55E-05,0.000165999999999999,0.000110499999999999,0.000221499999999999,-5.000000000005E-07,-0.000222,-5.60000000000005E-05,0,-0.0001665,0.000220999999999999,5.49999999999995E-05,0.000165499999999999,-5.55E-05,-0.0002775,-0.000111,-0.0001665,-5.000000000005E-07,5.49999999999995E-05,0.000220999999999999,5.49999999999995E-05,0,0,0.000220999999999999,5.55E-05,0,0.000276499999999999,0.000276999999999999,0.000276999999999999,-0.0078655,-0.000111,-0.0001665,-5.55E-05,5.55E-05,5.55E-05,0.000165999999999999,0.000165999999999999,
210:0.000387999999999999,0.0002775,0.000221499999999999,0.000276499999999999,0.000165999999999999,0.000220999999999999,0.000221499999999999,0.000387499999999999,0.000111,0.000331999999999999,0.000276499999999999,0.000387499999999999,0.000220999999999999,0.000276499999999999,0.000220999999999999,0.000165499999999999,0.000276499999999999,0.000387499999999999,0.000165499999999999,0.000276499999999999,0.000165499999999999,0.000331999999999999,0.000220999999999999,5.49999999999995E-05,0.000220999999999999,0.000220999999999999,0.000442999999999999,0.000498499999999999,0.000276499999999999,0.000276499999999999,0.000111,0.000498499999999999,0.000276499999999999,0.000331999999999999,0.000221499999999999,0.000165999999999999,0.000331999999999999,0.000276499999999999,0.000276499999999999,0.000220999999999999,-5.55E-05,0.000332499999999999,-0.026144,-0.0285255,-0.0308525,-0.0326805,-0.034452,-0.0356155,-0.0379425,-0.042207,
230:0.0003885,0.000333,-0.000220999999999999,-0.000111,-0.000111,-5.55E-05,5.55E-05,0.0002775,0.0001665,0.000222,0.0001665,5.55E-05,5.55E-05,0.000111,0.000222,0.000222,0.0001665,0.000111,0.000111,5.55E-05,0.000111,-0.000109999999999999,-5.49999999999995E-05,0.000111,0.0002775,0.000222,0.0003885,0.000444,0.0001665,0.0003885,0.000333,0.000222,0.000111,0.0002775,5.49999999999995E-05,0.000165499999999999,0.000165499999999999,0.000165499999999999,-5.000000000005E-07,0.000276499999999999,0.000276499999999999,0.000498499999999999,0.000442499999999998,0.000165499999999999,0.000331999999999999,0.000276499999999999,0.000331999999999999,0.000442999999999999,0.000331999999999999,0.000442999999999999,
30:0.000276999999999999,0.000442999999999999,0.000111,0.000111,-0.000109999999999999,0.0002775,0.000111,5.55E-05,0.000443499999999999,0.0001665,0.0001665,0.000111,0.000222,0.000222,0.000111,0.0001665,0.000111,0.000222,-0.000110499999999999,-5.55E-05,5.55E-05,-5.55E-05,0.0001665,0.0001665,0.000111,0.0002775,5.000000000005E-07,-0.000109999999999999,-5.49999999999995E-05,5.55E-05,5.60000000000005E-05,0.000111,0.0002775,0.000222,5.49999999999995E-05,0.000109999999999999,5.49999999999995E-05,5.49999999999995E-05,0.000276499999999999,0.000276499999999999,0.000331999999999999,0.000331999999999999,-0.00349,-0.0014405,-0.000665000000000002,-0.000609500000000002,-0.0013295,-0.000720500000000002,-0.000942000000000002,-0.0016065,
260:-0.000276499999999999,-0.000276499999999999,-0.000221499999999999,-0.000332499999999999,-0.000111,-0.000387499999999999,-0.000331999999999999,-0.000111,-0.000276499999999999,-0.000221499999999999,-5.49999999999995E-05,-0.000165999999999999,-0.000165499999999999,-0.000220999999999999,-0.000220999999999999,-0.000165499999999999,-5.49999999999995E-05,-0.000109999999999999,-5.60000000000005E-05,-5.55E-05,-0.0001665,-0.000111,-5.55E-05,5.49999999999995E-05,-0.0002775,-0.0001665,-0.0201075,-0.0383305,-0.021048,-0.039216,-0.021269,-0.038773,-0.0222665,-0.040213,-0.022821,-0.039771,-0.023596,-0.039881,-0.0236515,-0.039493,-0.0240945,-0.0398255,-0.0264205,-0.0264765,-0.026809,-0.027252,-0.0276395,-0.0283045,-0.0290795,-0.0311295,
1600:-0.000222,0,-5.55E-05,-0.0001665,-0.0001665,-5.55E-05,-5.000000000005E-07,-0.0001665,
400:-0.0849695,-0.078156,-0.08652,-0.081812,-0.0839165,-0.0793195,-0.0851355,-0.084526,-0.082809,-0.0751655,
300:-0.0345085,-0.036558,-0.03833,-0.0391615,-0.0397705,-0.0404355,-0.0414315,-0.0431485,
50:0.007145,0.003213,-0.0009975,-0.000499000000000001,-0.001662,-0.000720500000000001,-0.003268,-0.0003315,-0.00205,-0.0005535,0.001219,0.0091395,0.0229875,0.0279175,0.0236525,0.0042655,0.00709,0.0019385,-0.000388500000000002,-0.001385,-0.001219,-0.000332500000000003,-0.003933,-0.001939,-0.00205,-0.002326,0.0134045,0.0112995,0.000220999999999999,0.004431,0.007034,-0.000166500000000002,0.0249265,0.001828,-0.005262,-0.0035445,-0.0021595,-0.001828,-0.0022155,-0.002825,-0.00288,-0.003545,0.0040435,0.004598,0.0069795,0.030078,0.0079765,0.006093,0.0266985,0.003157,
270:-0.017836,-0.016672,-0.018888,-0.017614,-0.017338,-0.0186675,-0.0176705,-0.01767,-0.019609,-0.0193315,-0.019775,-0.0196645,-0.0321265,-0.030797,-0.0331785,-0.0156755,-0.025812,-0.02559,-0.025867,-0.027972,
290:-0.057606,-0.056,-0.044977,-0.040269,-0.0273075,-0.0836395,-0.0300215,-0.042152,-0.022766,-0.024261,-0.0235965,-0.019276,
140:-0.0206605,-0.022932,-0.0095275,-0.0111885,-0.014512,-0.0148445,-0.015676,-0.0166175,-0.01706,-0.0202735,-0.0141805,-0.0158975,-0.018335,-0.020218,-0.020938,-0.021769,-0.023873,-0.024759,-0.014512,-0.016728,-0.0172265,-0.0177255,-0.0183345,-0.019055,-0.0206615,-0.022932,-0.015288,-0.0166725,-0.019442,-0.016839,-0.017725,-0.0182795,-0.0187225,-0.0223785,-0.0127955,-0.01418,-0.0148455,-0.0156205,-0.0167835,-0.0172825,-0.019276,-0.0216025,-0.0115765,-0.012242,-0.0153435,-0.017061,-0.0181135,-0.0194425,-0.018667,-0.023043,
500:-0.0463615,-0.045974,-0.0413765,-0.042872,-0.043648,-0.044922,-0.0458085,-0.04675,-0.047082,-0.047414,-0.042097,-0.0425955,-0.043869,-0.0451985,-0.045974,-0.04675,-0.047248,-0.047525,-0.0415435,-0.042762,-0.0438695,-0.044866,-0.045752,-0.0469715,-0.0471375,-0.047913,-0.040989,-0.043315,-0.0434265,-0.0447555,-0.0452545,-0.046362,-0.046861,-0.0475805,-0.04038,-0.041986,-0.0425955,-0.043758,-0.044589,-0.0456975,-0.0460295,-0.0470825,-0.0409885,-0.04265,-0.043481,-0.0446995,-0.04614,-0.047082,-0.0480235,-0.048965,
450:-0.0591575,-0.0574405,-0.053452,-0.0527875,-0.059988,-0.049851,-0.0519005,-0.0517345,-0.0525095,-0.0517345,-0.050904,-0.0510705,-0.053618,-0.0605975,-0.0507935,-0.0516795,-0.0501285,-0.057662,-0.058825,-0.058105,-0.058105,-0.058271,-0.057828,-0.0579945,-0.059046,-0.058603,-0.0579945,-0.055113,-0.0584365,-0.058492,-0.058492,-0.058326,-0.0602645,-0.057828,-0.051181,-0.050184,-0.0519005,-0.050904,-0.0515685,-0.0515685,-0.0523435,-0.0501835,-0.0562215,-0.0563875,-0.0553355,-0.055557,-0.0559995,-0.056332,-0.056387,-0.056609,
100:-0.0088075,-0.0096935,-0.0090285,-0.0098595,-0.0103025,-0.0105795,-0.010746,-0.011078,
70:-0.025702,-0.0250925,-0.0253685,-0.0253135,-0.024871,-0.024372,-0.024981,-0.0247595,-0.0236515,-0.02415,-0.024428,-0.0327365,-0.024483,-0.0250925,-0.0239845,-0.0363915,
240:-0.0270305,-0.0292465,-0.0320155,-0.038607,-0.0271415,-0.0332345,-0.032293,-0.0408785,
Pipette_3
20:0.039882,0.0271415,0.0401035,0.025535,0.0397705,0.0258675,0.040546,0.0270865,0.0403245,0.025092,0.0408785,0.0255355,0.041765,0.025978,0.040934,0.02548,0.0417095,0.0253135,0.043039,0.025424,0.041432,0.026145,0.0435925,0.0266435,
40:-0.000111,0.000110500000000001,0.000110500000000001,5.55E-05,0.000110500000000001,5.55E-05,0.000166000000000001,0.000166000000000001,0.000166000000000001,0.000332000000000002,4.99999999998765E-07,-0.000110000000000002,-5.50000000000012E-05,-5.50000000000012E-05,-5.50000000000012E-05,0,5.55E-05,0.000111,-0.000221000000000002,-0.000387500000000002,-0.000166000000000001,-0.000221500000000001,-0.000221000000000002,-0.000166000000000001,-0.000110500000000001,-0.000110500000000001,-0.000222,-5.55E-05,-5.55E-05,0,5.50000000000012E-05,5.50000000000012E-05,5.50000000000012E-05,5.50000000000012E-05,-0.000110500000000001,-0.000110500000000001,-0.000166000000000001,-5.50000000000012E-05,0,-0.000110500000000001,5.59999999999988E-05,0,0.017947,0.0157315,0.01335,0.01911,0.020384,0.0216025,0.022489,0.021935,
80:-0.0110775,-0.025036,-0.0116325,-0.0275295,-0.011743,-0.026421,-0.01058,-0.0256455,-0.012242,-0.028138,-0.011632,-0.0271965,-0.011134,-0.0267535,-0.012297,-0.0273065,-0.0113555,-0.02703,-0.011355,-0.026421,-0.012297,-0.0286925,-0.0120755,-0.0280275,
120:-0.0167275,-0.027584,-0.018058,-0.029523,-0.018113,-0.0293015,-0.0167835,-0.0276395,-0.0181135,-0.030132,-0.018002,-0.028637,-0.0177805,-0.027806,-0.01695,-0.028747,-0.0177255,-0.027972,-0.0178905,-0.0289695,-0.0188335,-0.0301875,-0.01911,-0.029855,
160:-0.0235955,-0.0276945,-0.0239285,-0.029911,-0.023596,-0.029135,-0.0234305,-0.0275845,-0.025535,-0.0308525,-0.023153,-0.0288025,-0.023984,-0.0285265,-0.024925,-0.0288575,-0.0237625,-0.0284705,-0.023928,-0.0288585,-0.024205,-0.028914,-0.0248705,-0.029634,
200:-0.0239285,-0.0244265,-0.0211035,-0.0219895,-0.022932,-0.023098,-0.0234855,-0.023541,-0.024039,-0.0244265,-0.020329,-0.021049,-0.021769,-0.0221015,-0.0225445,-0.0229875,-0.023154,-0.0237625,-0.0214365,-0.0224335,-0.0227105,-0.0230985,-0.023707,-0.023929,-0.0247045,-0.0255355,-0.02127,-0.0218795,-0.0223785,-0.0226555,-0.0234305,-0.023762,-0.0240945,-0.0245375,-0.0265875,-0.028692,-0.0225435,-0.0225445,-0.023209,-0.023597,-0.0240955,-0.0244275,-0.020661,-0.0217685,-0.022267,-0.022489,-0.023153,-0.023541,-0.0237625,-0.0246485,
250:-0.0222125,-0.0394385,-0.022655,-0.073947,-0.023043,-0.070568,-0.0235965,-0.0578835,-0.023818,-0.037777,-0.017005,-0.033677,-0.0177255,-0.0579945,-0.021436,-0.0482445,-0.023153,-0.0353385,-0.023929,-0.039216,-0.025258,-0.0440905,-0.0257565,-0.052676,-0.0260895,-0.055945,-0.0279725,-0.0314065,-0.0330125,-0.033899,-0.034508,-0.034896,-0.035616,-0.0362805,-0.017947,-0.0470825,-0.0223225,-0.041155,-0.022766,-0.0648625,-0.023153,-0.0428715,-0.023818,-0.05888,-0.0246495,-0.05672,-0.0252025,-0.046694,-0.0254245,-0.0509595,
220:0,-0.0001665,-5.55E-05,-0.000111,-4.99999999998765E-07,0,0,0.000111,0,-5.55E-05,0.000166000000000001,-5.55E-05,-0.000111,0.000110500000000001,0.000166000000000001,0.000110500000000001,0.000276500000000002,0.000166000000000001,-0.0087515,-0.000221000000000002,-5.50000000000012E-05,-0.000110500000000001,-5.50000000000012E-05,-0.000110500000000001,-0.000110500000000001,5.59999999999988E-05,-0.000111,-0.000276500000000002,-0.000110500000000001,-0.000221000000000002,-0.000166000000000001,-0.000166000000000001,0,-0.000110500000000001,5.50000000000012E-05,0.000165500000000002,-5.55E-05,5.50000000000012E-05,0.000110500000000001,5.50000000000012E-05,0.000221000000000002,0.000110500000000001,-5.50000000000012E-05,-0.000221000000000002,5.55E-05,-0.000166000000000001,0,0,-0.000166000000000001,4.99999999998765E-07,
210:5.55E-05,0.000110500000000001,0.000110500000000001,0.000110500000000001,0.000276500000000002,0.000221000000000002,0.000332000000000002,0.000166000000000001,0.000221500000000001,0.000166000000000001,5.55E-05,-0.000165500000000002,-5.50000000000012E-05,-5.50000000000012E-05,5.55E-05,-0.000110000000000002,5.55E-05,5.55E-05,-0.000276500000000002,5.55E-05,0,-0.000111,-0.000111,-5.55E-05,-5.50000000000012E-05,0.0001665,0.000276500000000002,0.000110500000000001,0.000110500000000001,0.000276500000000002,-5.55E-05,0.000110500000000001,0.000110000000000002,5.59999999999988E-05,-5.50000000000012E-05,0.000111,0.000111,-5.50000000000012E-05,5.55E-05,-5.50000000000012E-05,0,5.55E-05,-0.0262545,-0.028802,-0.030575,-0.032237,-0.0338435,-0.0348405,-0.037111,-0.0415425,
230:0.000111,0.0002775,0.000111,5.59999999999988E-05,0.0001665,-5.50000000000012E-05,-0.000110000000000002,0.000111,5.55E-05,0,5.59999999999988E-05,0.0001665,5.55E-05,-5.50000000000012E-05,-5.50000000000012E-05,0.000111,4.99999999998765E-07,0.0001665,5.55E-05,-5.50000000000012E-05,5.55E-05,-0.000166000000000001,4.99999999998765E-07,-5.50000000000012E-05,0.000111,5.55E-05,0.0001665,-5.50000000000012E-05,0.0001665,0.000111,0.0001665,5.55E-05,5.55E-05,-5.50000000000012E-05,-5.50000000000012E-05,-0.000165500000000002,0,-5.50000000000012E-05,4.99999999998765E-07,-5.50000000000012E-05,5.55E-05,0.0001665,0.0001665,-5.50000000000012E-05,0.000222,0.000111,5.55E-05,5.59999999999988E-05,0.0001665,5.55E-05,
30:5.55E-05,5.50000000000012E-05,0,-0.000110000000000002,5.55E-05,-5.50000000000012E-05,0.000111,4.99999999998765E-07,-0.000221000000000002,0.0001665,0.000111,-5.50000000000012E-05,-5.50000000000012E-05,4.99999999998765E-07,5.55E-05,0,4.99999999998765E-07,0.000111,-0.000110500000000001,0.0001665,-5.50000000000012E-05,-5.50000000000012E-05,-0.000110000000000002,0.000110999999999998,5.59999999999988E-05,0.0001665,4.99999999998765E-07,4.99999999998765E-07,-0.000110500000000001,5.55E-05,0.000111499999999999,0.000222,0.0001665,0,-5.50000000000012E-05,0.000111,-5.50000000000012E-05,4.99999999998765E-07,0.000111,0.000111,0,5.55E-05,-0.0026035,-0.0017725,-0.0010525,-0.0008865,-0.001163,-0.0013845,-0.0018835,-0.00144,
260:-0.000332000000000002,-0.000111,-0.000165500000000002,-0.000110000000000002,4.99999999998765E-07,-0.000110000000000002,-0.000165500000000002,0,0,5.55E-05,-0.000221000000000002,-0.000110500000000001,-0.000165500000000002,0,-0.000165500000000002,-0.000110000000000002,-0.000110500000000001,-0.000110000000000002,-0.000221000000000002,-0.000221000000000002,-0.000166000000000001,-0.000165500000000002,5.55E-05,-0.000110500000000001,-0.000110000000000002,-0.000110500000000001,-0.01983,-0.0383305,-0.0204395,-0.038718,-0.0209935,-0.039217,-0.0216025,-0.0392725,-0.021824,-0.0400475,-0.022433,-0.039549,-0.022932,-0.039106,-0.023707,-0.0389945,-0.025202,-0.0255345,-0.025811,-0.0264205,-0.026753,-0.0276395,-0.028415,-0.030354,
1600:-0.000221000000000002,-0.000276500000000002,-0.000221000000000002,-5.50000000000012E-05,-0.000276500000000002,-0.000276500000000002,-0.000110000000000002,-0.000221000000000002,
400:-0.080261,-0.0753865,-0.0745005,-0.076882,-0.0790425,-0.074168,-0.0802065,-0.0793195,-0.0775475,-0.069792,
300:-0.033123,-0.0354495,-0.0372775,-0.03833,-0.039105,-0.0400465,-0.0404905,-0.0425395,
50:0.0165615,0.0221005,0.0015505,0.000166000000000001,0.000110499999999999,0.0004425,-0.0036005,-0.0021045,-0.0024365,-0.000498,0.002714,0.0219905,0.002603,0.0239285,0.0205495,0.022821,0.024039,0.027972,0.001662,0.000277500000000002,0.0015505,0.000720500000000001,-0.005262,-0.0016615,-0.001385,-0.001108,0.0232645,0.023984,0.0224885,0.0317385,0.0249805,0.0082535,0.0613185,0.001108,-0.005429,0.000719999999999998,-0.001163,-0.001496,-0.000332500000000001,5.54999999999983E-05,-0.00288,-0.000831,-0.0060375,0.0248155,0.008032,0.010081,0.002492,0.0032125,0.007588,0.0079205,
270:-0.015897,-0.016728,-0.0171155,-0.016617,-0.017836,-0.017614,-0.017005,-0.016174,-0.019276,-0.018944,-0.01983,-0.019221,-0.03124,-0.0290245,-0.03268,-0.0304645,-0.030077,-0.0296335,-0.0298555,-0.029911,
290:-0.062702,-0.045641,-0.045475,-0.08087,-0.0257565,-0.027196,-0.0454755,-0.03977,-0.0227655,-0.0225435,-0.02271,-0.022045,
140:-0.0185555,-0.020771,-0.00997,-0.0100255,-0.0136265,-0.0132935,-0.0141795,-0.015232,-0.0161185,-0.019664,-0.01069,-0.011798,-0.015509,-0.017171,-0.017891,-0.01922,-0.021602,-0.023153,-0.014014,-0.016285,-0.0163955,-0.017338,-0.018501,-0.0192765,-0.0213815,-0.0228205,-0.013404,-0.014235,-0.017005,-0.015066,-0.015731,-0.016451,-0.017559,-0.019885,-0.011189,-0.01274,-0.015011,-0.0144015,-0.0152875,-0.0162295,-0.017559,-0.0197195,-0.010912,-0.0117985,-0.014568,-0.0160085,-0.016507,-0.0178915,-0.0174485,-0.021492,
500:-0.04542,-0.0448105,-0.0397145,-0.0417085,-0.04265,-0.043647,-0.044533,-0.045752,-0.046029,-0.0459185,-0.0401025,-0.0417095,-0.042762,-0.0437035,-0.044756,-0.045531,-0.045974,-0.046196,-0.0398805,-0.041542,-0.0428165,-0.043758,-0.0448105,-0.0459185,-0.046306,-0.04686,-0.039327,-0.04121,-0.0422075,-0.043204,-0.044312,-0.045198,-0.045475,-0.045974,-0.0388285,-0.0412105,-0.0415985,-0.04254,-0.043537,-0.044368,-0.0448115,-0.045808,-0.0396595,-0.042207,-0.0422075,-0.0433705,-0.044977,-0.045863,-0.0468045,-0.0478575,
450:-0.057218,-0.0596005,-0.0601535,-0.062314,-0.0586585,-0.052399,-0.051679,-0.0526205,-0.0526205,-0.061428,-0.0514025,-0.051292,-0.0567755,-0.053064,-0.0573295,-0.0572185,-0.049021,-0.0494085,-0.057994,-0.0579385,-0.0579385,-0.0580495,-0.05744,-0.057163,-0.0572185,-0.059434,-0.057717,-0.052898,-0.056609,-0.057772,-0.0559995,-0.056886,-0.058492,-0.0571625,-0.0564435,-0.0540615,-0.0516795,-0.06021,-0.0575505,-0.0522885,-0.0509595,-0.050184,-0.0548365,-0.0547815,-0.0522885,-0.05107,-0.054061,-0.0557785,-0.0553355,-0.055169,
100:-0.0091395,-0.010026,-0.0099155,-0.0095825,-0.0104695,-0.009583,-0.0108015,-0.010968,
70:-0.0252025,-0.0250915,-0.0243725,-0.0245385,-0.024483,-0.024372,-0.0240945,-0.0246485,-0.025037,-0.027861,-0.023596,-0.023541,-0.0230425,-0.023541,-0.0357265,-0.026698,
240:-0.0259225,-0.03196,-0.0296895,-0.0363365,-0.0299115,-0.031517,-0.0298,-0.0374435,
Pipette_4
20:0.044922,0.025978,0.0410445,0.025258,0.042042,0.0255905,0.042762,0.0249815,0.0421525,0.025868,0.043815,0.0273635,0.0406015,0.0267535,0.043648,0.024649,0.0419865,0.025979,0.0423745,0.025203,0.0421525,0.0260345,0.0444235,0.02692,
40:0.000388000000000003,0.000498500000000006,0,5.55E-05,0.000111,0.000276999999999999,0.000165999999999999,0.000332499999999999,0.000442999999999999,0.000498499999999999,-0.000111,5.55E-05,-0.000221499999999999,-0.000165999999999999,0,0.000165999999999999,0.000111,0.0001665,-5.55E-05,-5.55E-05,-5.55E-05,0,5.55E-05,5.55E-05,0.000111,0.0001665,0.0001115,-5.49999999999995E-05,0.0001665,5.55E-05,0.000222,0.000111,0.000387999999999999,0.0002775,0.000110499999999999,0.000110499999999999,5.49999999999995E-05,0,0.000110499999999999,0.000165499999999999,0.000387499999999999,0.000497999999999998,0.0228215,0.01202,0.009859,0.0136815,0.0188325,0.0190545,0.0213255,0.021713,
80:-0.013183,-0.027529,-0.0125185,-0.0293575,-0.0122965,-0.027862,-0.0119645,-0.028471,-0.0066465,-0.028361,-0.016839,-0.0279725,-0.0112995,-0.027142,-0.0132935,-0.0298555,-0.011743,-0.0268645,-0.011244,-0.029246,-0.0128505,-0.0294115,-0.0124075,-0.0290805,
120:-0.0196635,-0.0297445,-0.019941,-0.0310195,-0.019331,-0.0305205,-0.017836,-0.030188,-0.0111885,-0.0311855,-0.0225995,-0.029468,-0.017393,-0.0291355,-0.0202175,-0.031572,-0.0186665,-0.0290245,-0.0187215,-0.0309625,-0.019719,-0.0308515,-0.0191105,-0.030465,
160:-0.0257015,-0.029856,-0.026034,-0.031683,-0.023929,-0.028693,-0.0244275,-0.0293015,-0.0254805,-0.034176,-0.0261445,-0.029468,-0.0240955,-0.029246,-0.0258675,-0.0315165,-0.0249815,-0.030686,-0.0258675,-0.0304645,-0.026421,-0.031295,-0.0260895,-0.0308525,
200:-0.025037,-0.025591,-0.0221015,-0.023486,-0.0237625,-0.0240955,-0.024483,-0.0249265,-0.025591,-0.0262005,-0.0205505,-0.021603,-0.022101,-0.022489,-0.023375,-0.023707,-0.023984,-0.024372,-0.0215465,-0.0223225,-0.022932,-0.023485,-0.0240395,-0.0243165,-0.0247045,-0.0252585,-0.021824,-0.0227655,-0.0233195,-0.023818,-0.024095,-0.0247595,-0.025203,-0.0256455,-0.0219895,-0.022378,-0.023153,-0.0234305,-0.023874,-0.0243725,-0.0248705,-0.0256455,-0.020162,-0.0222115,-0.0228765,-0.0234305,-0.023818,-0.0244275,-0.025258,-0.0263655,
250:-0.023042,-0.0766045,-0.0234855,-0.0616495,-0.024095,-0.045365,-0.024705,-0.07162,-0.0254795,-0.045309,-0.0193315,-0.067244,-0.020107,-0.0529535,-0.0212705,-0.0478025,-0.0219345,-0.0453645,-0.0225445,-0.048079,-0.0234855,-0.0399365,-0.0236515,-0.0366125,-0.0244275,-0.051181,-0.0288585,-0.030354,-0.0329025,-0.034675,-0.0356165,-0.036004,-0.036891,-0.0377215,-0.0178355,-0.0475245,-0.025036,-0.049297,-0.0263105,-0.0608185,-0.0263105,-0.0442575,-0.0259785,-0.047581,-0.025979,-0.0428175,-0.026367,-0.0537845,-0.026422,-0.04099,
220:0.000388000000000003,0.0002775,0,0.000110500000000003,0.000111,0.000111,0.000222,0.0001665,0.000332500000000003,0.000277000000000003,-0.0055945,0.0001665,0.000111,0.000111,0.000387499999999999,0.000331999999999999,0.000332499999999999,0.000442999999999999,-0.000220999999999999,-0.000165999999999999,-0.000220999999999999,-0.000165999999999999,-0.000165999999999999,0.000111,0.000111,0.000111,0.000111,-5.55E-05,0,-5.55E-05,0,0,0.000221499999999999,0.000276999999999999,0.000111,0,5.60000000000005E-05,5.60000000000005E-05,5.55E-05,0.000222,0.0001665,0.000332499999999999,0.000109999999999999,-5.55E-05,0.000165499999999999,0.000109999999999999,0.000110499999999999,0.000276499999999999,0.000331999999999999,0.000442499999999998,
210:0.000554000000000006,0.000554000000000006,0.000442999999999999,0.000719999999999998,0.000609499999999999,0.000664999999999999,0.000664499999999998,0.000719999999999998,0.000664499999999998,0.000830499999999998,0.000332499999999999,0.000221499999999999,0.000276999999999999,0.000387999999999999,0.000276999999999999,0.000609499999999999,0.000387999999999999,0.000498499999999999,0.000332499999999999,0.0001665,0.000331999999999999,0.000387499999999999,0.000498499999999999,0.000442999999999999,0.000609499999999999,0.000553999999999999,0.0002775,0.000553999999999999,0.000554499999999999,0.000498499999999999,0.000498499999999999,0.000498499999999999,0.000498999999999999,0.000720499999999999,0.000387499999999999,0.000442499999999998,0.000553499999999998,0.000497999999999998,0.000387499999999999,0.000497999999999998,0.000442999999999999,0.000553499999999998,-0.0240945,-0.023763,-0.035007,-0.036392,-0.034785,-0.0358375,-0.03761,-0.0413215,
230:0.000664499999999998,0.000719499999999998,0.000220999999999999,0.000109999999999999,5.49999999999995E-05,0.000109999999999999,0.000110499999999999,0.000498499999999999,0.000387499999999999,0.000387499999999999,0.000442999999999999,0.000553999999999999,0.000497999999999998,0.000553499999999998,0.000387499999999999,0.000553499999999998,0.000498499999999999,0.000498499999999999,0.000276499999999999,0.000165499999999999,5.49999999999995E-05,0.000276499999999999,0.000165499999999999,0.000220999999999999,0.000387499999999999,0.000608999999999998,0.000387499999999999,0.000442999999999999,0.000553499999999998,0.000553999999999999,0.000498499999999999,0.000442999999999999,0.000442999999999999,0.000608999999999998,0,0.000221499999999999,0.000221499999999999,0,0.000387499999999999,0.000331999999999999,0.000331999999999999,0.000498499999999999,0.000442999999999999,0.000442999999999999,0.000553999999999999,0.000609499999999999,0.000442999999999999,0.000331999999999999,0.000553999999999999,0.000664499999999998,
30:0.000498499999999999,0.000442999999999999,0.000222,5.000000000005E-07,0.000332499999999999,0.000387999999999999,0.000387999999999999,0.000442999999999999,0.000609499999999999,0.000664999999999999,0,5.49999999999995E-05,-5.55E-05,0.000220999999999999,0.000276499999999999,0.000331999999999999,0.000331999999999999,0.000442999999999999,0.000110499999999999,0.000110499999999999,0.000109999999999999,0.000165999999999999,0.000276499999999999,0.000220999999999999,0.000331999999999999,0.000498499999999999,0.000165999999999999,-5.60000000000005E-05,0.000165499999999999,0.000220999999999999,0.000109999999999999,0.000387499999999999,0.000331999999999999,0.000553499999999998,5.55E-05,0.000331999999999999,5.55E-05,0.000165999999999999,0.000331999999999999,0.000276999999999999,0.000387499999999999,0.000276499999999999,-0.0031015,-0.0016065,-0.00144,-0.000498499999999999,-0.000387499999999999,-0.0010525,-0.000221499999999999,-0.000332499999999999,
260:-0.000222,-0.000222,-0.0001665,-0.0001665,-0.000332499999999999,-0.000387999999999999,-0.000333,-0.000222,-0.000111,-0.000332499999999999,-0.000111,-0.000276999999999999,-0.000222,-0.0001665,-0.000387999999999999,-0.0001665,-0.0001665,-0.000332499999999999,-0.000111,-0.000111,-0.000111,-0.0001665,-0.0001665,-0.000111,-0.000332499999999999,-0.000111,-0.0205495,-0.0630895,-0.0210485,-0.0394375,-0.0216575,-0.03905,-0.022378,-0.039438,-0.022822,-0.0394935,-0.023541,-0.039604,-0.0237625,-0.0389395,-0.024704,-0.0395485,-0.0269755,-0.026809,-0.027086,-0.0277505,-0.0280275,-0.028693,-0.02969,-0.031905,
1600:-0.000110499999999999,-0.000276999999999999,-0.000276999999999999,-0.000221499999999999,-0.0001665,-0.000222,-0.000111,-0.000111,
400:-0.0816455,-0.0793755,-0.0843055,-0.0867415,-0.0824765,-0.0747215,-0.0915605,-0.0831415,-0.07943,-0.0690725,
300:-0.0345075,-0.0366125,-0.0380525,-0.0391055,-0.039936,-0.040545,-0.041653,-0.043149,
50:0.010912,0.0225995,-0.0005535,0.000497999999999998,0.002271,-0.0012185,-0.0017725,-0.000443000000000001,-0.000498500000000002,-0.001994,0.0103585,0.0052075,0.028194,0.0247045,0.006093,0.000110499999999996,0.028083,0.0297445,-1.73472347597681E-18,0.001496,0.0018285,0.000941999999999998,-0.0036005,0.000886499999999998,-0.000277500000000003,0.000664499999999998,0.000553999999999995,0.0013295,0.000775499999999995,0.001939,0.028139,0.0047635,0.0098595,0.02548,-0.0054285,0.000497999999999998,0.0028805,-0.000608999999999998,0.001274,-0.000553999999999999,-0.0026035,-0.0019945,0.006924,0.02764,0.0036005,0.002604,0.0098595,0.031573,0.0254805,0.004431,
270:-0.0173375,-0.0181125,-0.0174485,-0.0172265,-0.0179465,-0.018002,-0.016064,-0.0172265,-0.0198855,-0.0196635,-0.019719,-0.0199405,-0.031684,-0.032847,-0.03257,-0.031296,-0.028748,-0.029025,-0.028748,-0.029025,
290:-0.04254,-0.074944,-0.0336215,-0.041044,-0.047635,-0.03833,-0.0404345,-0.0278615,-0.0213805,-0.023762,-0.024095,-0.0244275,
140:-0.0217135,-0.023929,-0.010746,-0.0120195,-0.0140695,-0.0153435,-0.016396,-0.0165065,-0.0167835,-0.020771,-0.014679,-0.0171715,-0.0175595,-0.02066,-0.0207155,-0.022211,-0.023873,-0.0249255,-0.014845,-0.015177,-0.0163955,-0.017282,-0.018168,-0.020162,-0.0219895,-0.0245375,-0.014069,-0.0160075,-0.0178355,-0.015786,-0.0164505,-0.0171705,-0.0177245,-0.021048,-0.0131275,-0.013793,-0.015122,-0.0156195,-0.016728,-0.017503,-0.018722,-0.020993,-0.0122965,-0.013792,-0.014346,-0.0170055,-0.018168,-0.0188885,-0.018279,-0.0229875,
500:-0.046029,-0.0460295,-0.0421525,-0.042706,-0.0434815,-0.0444785,-0.0456415,-0.046195,-0.0469155,-0.0467495,-0.0424285,-0.0429275,-0.043703,-0.0448105,-0.045752,-0.046195,-0.0466385,-0.046805,-0.0421515,-0.0428175,-0.0435925,-0.044866,-0.0459185,-0.0461955,-0.0468045,-0.0474695,-0.0414325,-0.042041,-0.043038,-0.044035,-0.0450875,-0.045863,-0.046362,-0.0469155,-0.040657,-0.041543,-0.042318,-0.0435365,-0.044091,-0.0448105,-0.0454755,-0.046528,-0.041654,-0.0428175,-0.043482,-0.0445895,-0.045753,-0.04686,-0.047746,-0.0487985,
450:-0.0573845,-0.058105,-0.059877,-0.058105,-0.058437,-0.053175,-0.0552245,-0.052012,-0.0517905,-0.060099,-0.051901,-0.0581605,-0.0514025,-0.057828,-0.0522335,-0.050128,-0.051513,-0.050793,-0.0593235,-0.0516795,-0.057994,-0.051126,-0.0578835,-0.0577175,-0.0579385,-0.0577175,-0.0491865,-0.057994,-0.0577725,-0.0500175,-0.0512365,-0.052566,-0.0491315,-0.0573295,-0.0519005,-0.0509035,-0.05251,-0.0506265,-0.0504605,-0.0513465,-0.0513465,-0.0512915,-0.056277,-0.0565535,-0.051513,-0.0527865,-0.051624,-0.0524545,-0.0561105,-0.0535625,
100:-0.008752,-0.00664749999999999,-0.0034345,-0.004875,-0.0042655,-0.00321299999999999,-0.004044,-0.0051515,
70:-0.025314,-0.02415,-0.024704,-0.024261,-0.0239845,-0.023375,-0.0243165,-0.0244275,-0.0251475,-0.0239845,-0.024372,-0.0152325,-0.0242615,-0.0228765,-0.02343,-0.0229315,
240:-0.0261445,-0.0325145,-0.030742,-0.0382205,-0.0260895,-0.0320165,-0.029855,-0.0370005,
